SpearmanrResult(correlation=array([[ 1.        , -0.03030303,  0.66060606, ...,  0.44242424,
         0.44242424, -0.36969697],
       [-0.03030303,  1.        , -0.27272727, ...,  0.03030303,
         0.24848485,  0.43030303],
       [ 0.66060606, -0.27272727,  1.        , ...,  0.51515152,
         0.2       , -0.6969697 ],
       ...,
       [ 0.44242424,  0.03030303,  0.51515152, ...,  1.        ,
         0.68484848, -0.36969697],
       [ 0.44242424,  0.24848485,  0.2       , ...,  0.68484848,
         1.        , -0.24848485],
       [-0.36969697,  0.43030303, -0.6969697 , ..., -0.36969697,
        -0.24848485,  1.        ]]), pvalue=array([[6.64689742e-64, 9.33772958e-01, 3.75883776e-02, ...,
        2.00422687e-01, 2.00422687e-01, 2.93050075e-01],
       [9.33772958e-01, 6.64689742e-64, 4.45838342e-01, ...,
        9.33772958e-01, 4.88776305e-01, 2.14492333e-01],
       [3.75883776e-02, 4.45838342e-01, 6.64689742e-64, ...,
        1.27552870e-01, 5.79584000e-01, 2.50966759e-02],
       ...,
       [2.00422687e-01, 9.33772958e-01, 1.27552870e-01, ...,
        6.64689742e-64, 2.88827975e-02, 2.93050075e-01],
       [2.00422687e-01, 4.88776305e-01, 5.79584000e-01, ...,
        2.88827975e-02, 6.64689742e-64, 4.88776305e-01],
       [2.93050075e-01, 2.14492333e-01, 2.50966759e-02, ...,
        2.93050075e-01, 4.88776305e-01, 6.64689742e-64]]))
